intrinsic:
578.6073072483229 0.0 312.17975772470777 
0.0 578.6818648157927 241.92893970740107 
0.0 0.0 1.0 
distortion:
-0.16295206031911572 0.8198222593959902 0.0010237645140119957 0.0016858305891750806 -1.425539062423175 
