intrinsic:
595.8596518731605 0.0 327.16951540686904 
0.0 596.6689523696048 235.23489183064945 
0.0 0.0 1.0 
distortion:
-0.10627423650976403 0.4100370847196936 -0.0034490040942406494 0.0011671137621080488 -0.46431962780465585 
