intrinsic:
526.0797844451715 0.0 338.6764331031367 
0.0 526.7113078754177 251.78616352135452 
0.0 0.0 1.0 
distortion:
0.23451817251869544 -0.5310476619966779 -0.010419328273096242 0.010573293081954337 0.5166899534391944 
